0  5.74739540356e-06  4.51581067423e-06  
5  1.64211297245e-05  1.39579602658e-05  
10  4.51581067423e-05  2.42211663436e-05  
15  6.6095047141e-05  8.86741005121e-05  
20  0.000130958509553  7.38950837601e-05  
25  9.31899111863e-05  0.000100989947805  
30  0.000114947908071  0.000247138002353  
35  0.000152305978194  0.000188432463588  
40  0.000131779566039  0.000192948274262  
45  0.00015435861941  0.000230716872629  
50  0.000409707186625  0.0004380336354  
55  0.00141016451509  0.000404780847708  
60  0.000276696035857  0.000624823986016  
65  0.000300096145715  0.000582539576975  
70  0.000294759278554  0.000652329378304  
75  0.000299275089228  0.000781645774884  
80  0.00038794918974  0.00086293036702  
85  0.00031405410598  0.00237449535816  
90  0.00043146518351  0.00107394188398  
95  0.000426538844593  0.00518045589982  
100  0.000631392437906  0.00231127400872  
105  0.000295990863283  0.00154276513761  
110  0.000566528975494  0.00160886018475  
115  0.000554623656444  0.00116918443638  
120  0.00033909632881  0.00164293402893  
125  0.000623181873043  0.00202390423854  
130  0.000552981543471  0.00157848109476  
135  0.000426949372836  0.00165483934798  
140  0.000390822887442  0.00162897606867  
145  0.000457328462826  0.00175008190038  
150  0.000538202526719  0.0021273573558  
155  0.0004618442735  0.00195575655018  
160  0.000443781030804  0.00219057870524  
165  0.000550107845769  0.00228294755994  
170  0.000792319509205  0.00341107917201  
175  0.000542718337393  0.00280349737221  
180  0.000537381470233  0.00309086714239  
185  0.000642066172226  0.00273493915561  
190  0.000614150251695  0.00307280389969  
195  0.000663413640868  0.00314793056818  
200  0.000555034184687  0.00341231075674  
205  0.00069009797667  0.00403302946033  
210  0.000958993975909  0.00461105322663  
215  0.000672034733974  0.00448337894302  
220  0.00113839481815  0.00405807168316  
225  0.000849793463241  0.00431711500456  
230  0.000703645408693  0.00444396823168  
235  0.000764403588674  0.00599330182119  
240  0.00118067922719  0.0062457766907  
245  0.000900698965387  0.00515951895943  
250  0.000901520021873  0.00569525831669  
255  0.000759066721513  0.00595553322282  
260  0.00129562713526  0.00802952190702  
265  0.000997583630761  0.00611194448344  
270  0.00112238421667  0.00631228226608  
275  0.000856772443374  0.00858250345049  
280  0.00105998392371  0.00704918046247  
285  0.00100292049792  0.00743220331329  
290  0.000999225743733  0.00781686827709  
295  0.00116343704098  0.0086149351817  
300  0.00101852057116  0.00836779717934  
305  0.000988141481169  0.0083378286176  
310  0.0012989113612  0.00989660435669  
315  0.00111499470829  0.00814693298455  
320  0.00100497313914  0.00906200043844  
325  0.00115440541963  0.0098366672332  
330  0.00121187937367  0.0092138958884  
335  0.00133832207254  0.0113933903311  
340  0.00111253153883  0.0100854473485  
345  0.00117000549287  0.0112172737148  
350  0.00169096583338  0.0109110196454  
355  0.00123569001177  0.0117398761683  
360  0.00117534236003  0.0149493859729  
365  0.00188678780534  0.013382399669  
370  0.00134119577025  0.0147461744926  
375  0.00124923744379  0.0117628657499  
380  0.00167988157081  0.0141447506164  
385  0.00134201682673  0.0130100505524  
390  0.00217579968849  0.0153155771658  
395  0.00145039628291  0.0151747659784  
400  0.0019339985533  0.0177052620689  
405  0.00147913325993  0.0156082838031  
410  0.00155877573909  0.0149949546079  
415  0.00210600988716  0.0162150445464  
420  0.00199229356382  0.0198326194247  
425  0.00155549151315  0.0170007956037  
430  0.00205633596975  0.0177615044382  
435  0.00144629100048  0.0188654148839  
440  0.00220494719375  0.0177397464413  
445  0.00165607093271  0.0194134700885  
450  0.00175049242863  0.0219595662523  
455  0.00185148237643  0.0184942973522  
460  0.00252803292108  0.0188001408933  
465  0.00174967137214  0.0220921668748  
470  0.00175829246525  0.0204356854138  
475  0.00169096583338  0.0203745167056  
480  0.00202390423854  0.0212370365444  
485  0.00181822958874  0.0233249831889  
490  0.00177430306673  0.0259355322868  
495  0.00205551491326  0.0230704556781  
500  0.00219961032659  0.0236316477865  
505  0.00194097753343  0.0216808175752  
510  0.00293609799473  0.0246279998325  
515  0.00208014660785  0.0272471700236  
520  0.00187159826035  0.0266408198085  
525  0.00250586439595  0.0251645602463  
530  0.00213351527945  0.0257183628462  
535  0.00188473516413  0.0283806385028  
540  0.0019311248556  0.0266937779518  
545  0.00203334638813  0.0286717030272  
550  0.00218647342281  0.0277418565565  
555  0.0021187362627  0.0265078086577  
560  0.00195288285248  0.0279483522628  
565  0.00213474686418  0.0343911825102  
570  0.00214583112674  0.0293441482894  
575  0.0021216099604  0.032942017812  
580  0.00309374084009  0.0312769152579  
585  0.00231784246061  0.0315798851014  
590  0.002264473789  0.0330779026605  
595  0.00293035059933  0.0337248951716  
600  0.00246973791056  0.0328155751131  
605  0.00222218937996  0.0339835279648  
610  0.00240528497639  0.0340578335768  
615  0.00222054726699  0.0362533386209  
620  0.00243237984044  0.0327642590827  
625  0.00220576825024  0.0360427376322  
630  0.00267705467333  0.0360222112201  
635  0.00258386476214  0.0412285303992  
640  0.00248862220974  0.0418857861164  
645  0.00256990680188  0.0385699494968  
650  0.00266063354361  0.0365665716704  
655  0.00250216964176  0.0409460869679  
660  0.00312986732548  0.0394119429234  
665  0.00247220108002  0.0395687647123  
670  0.0037185648261  0.0429671175088  
675  0.00262943339713  0.0393265530489  
680  0.00332692088218  0.0398405344092  
685  0.00253460137297  0.044247555099  
690  0.00393983954914  0.0463901019998  
695  0.00255923306756  0.044906042401  
700  0.00516772952429  0.0484431537436  
705  0.00251653813027  0.103257295292  
710  0.0133819891407  0.127784305177  
715  0.00509383444053  0.11228440083  
720  0.0236907638535  0.0909878376903  
725  0.00451540014598  0.0561015581189  
730  0.00375633342447  0.0499625187714  
735  0.00374853338785  0.0484333010658  
740  0.00282936065152  0.0552616173335  
745  0.00299521406174  0.0522524453115  
750  0.00292829795811  0.0521268236691  
755  0.00321977301072  0.0515401788097  
760  0.00451991595666  0.0498052864543  
765  0.00390371306375  0.0542418651776  
770  0.00279241310964  0.0546638882115  
775  0.00297920346026  0.0581537888062  
780  0.00294061380541  0.0591021090478  
785  0.00316517275439  0.0627024417399  
790  0.00459257945569  0.0725666143654  
795  0.00402276625425  0.0616375314773  
800  0.00480153833143  0.0578101766667  
805  0.0029738665931  0.059614037767  
810  0.00310893038508  0.0639438791471  
815  0.00309333031185  0.0650313684631  
820  0.00619363960382  0.0669571564515  
825  0.00448543158424  0.0624130193285  
830  0.00348702689699  0.0647283986196  
835  0.00312247781711  0.0626137676394  
840  0.00422064086743  0.0641080904443  
845  0.0049402968776  0.0703945094311  
850  0.00367299619112  0.0669464827172  
855  0.00410979824179  0.0665499124343  
860  0.00381257579378  0.0684325949572  
865  0.00377029138474  0.0689198919818  
870  0.00455234768786  0.0770906356045  
875  0.00333964725771  0.0725538879898  
880  0.00406956647396  0.0704117516173  
885  0.00355435352886  0.0710304176796  
890  0.00561848953522  0.0726918254795  
895  0.00339506857053  0.0717003997724  
900  0.00446531570032  0.0755725021614  
905  0.00369926999868  0.0763816533286  
910  0.00385896548525  0.075377501246  
915  0.0043622731113  0.0757379450434  
920  0.00361141695465  0.0765774753006  
925  0.00427565165201  0.076554485719  
930  0.00569361620371  0.0780594822582  
935  0.00410240873341  0.0809253799234  
940  0.00423090407351  0.0826413879796  
945  0.00423172512999  0.0813141501696  
950  0.00437664159981  0.0825625665569  
955  0.00608402856291  0.0836726349263  
960  0.00581143780949  0.0863361421676  
965  0.00397801867575  0.0826225036804  
970  0.00457985308015  0.0862105205252  
975  0.00446654728505  0.0856817601481  
980  0.00492141257842  0.097231972268  
985  0.00616572368329  0.0961834831351  
990  0.00397103969562  0.0908113105457  
995  0.0041089771853  0.0908601634067  
